Altium Designer Pick and Place Locations
C:\Users\FAHRI ALVIAN\Documents\ESP_GSM_IOT\Project Outputs for ESP_GSM_IOT\Pick Place for ESP_GSM_IOT.txt

========================================================================================================================
File Design Information:

Date:       14/01/22
Time:       18:28
Revision:   Not in VersionControl
Variant:    No variations
Units used: mm

Rotation 
90       
0        
0        
0        
0        
180      
180      
180      
0        
90       
180      
90       
90       
90       
90       
90       
0        
90       
0        
180      
180      
270      
270      
270      
270      
0        
180      
270      
0        
180      
0        
0        
180      
180      
270      
180      
0        
180      
0        
0        
90       
0        
90       
270      
270      
90       
270      
270      
180      
0        
90       
270      
0        
0        
0        
90       
270      
90       
270      
270      
270      
90       
270      
0        
180      
180      
0        
180      
180      
90       
90       
0        
180      
180      
270      
90       
0        
0        
180      
90       
0        
90       
270      
270      
180      
90       
90       
180      
0        
0        
270      
270      
270      
270      
90       
90       
90       
90       
180      
180      
90       
90       
0        
90       
180      
90       
180      
0        
180      
270      
0        
180      
270      
270      
90       
0        
180      
0        
270      
0        
180      
180      
270      
0        
180      
90       
90       
90       
0        
270      
0        
270      
0        
0        
180      
180      
180      
0        
90       
0        
90       
90       
90       
90       
90       
90       
90       
180      
90       
180      
90       
0        
90       
0        
90       
90       
180      
180      
180      
180      
180      
270      
90       
180      
0        
0        
0        
90       
90       
180      
180      
